400,000000 400,000000
78
320,000000 560,000000
480,000000 560,000000
240,000000 480,000000
560,000000 480,000000
320,000000 240,000000
480,000000 240,000000
240,000000 320,000000
560,000000 320,000000
335,000000 530,000000
465,000000 530,000000
270,000000 465,000000
530,000000 465,000000
335,000000 270,000000
465,000000 270,000000
270,000000 335,000000
530,000000 335,000000
300,000000 580,000000
300,000000 220,000000
500,000000 580,000000
500,000000 220,000000
320,000000 600,000000
320,000000 580,000000
320,000000 200,000000
320,000000 220,000000
480,000000 600,000000
480,000000 580,000000
480,000000 200,000000
480,000000 220,000000
330,000000 600,000000
330,000000 615,000000
470,000000 600,000000
470,000000 615,000000
330,000000 200,000000
330,000000 185,000000
470,000000 200,000000
470,000000 185,000000
340,000000 615,000000
340,000000 625,000000
460,000000 615,000000
460,000000 625,000000
340,000000 185,000000
340,000000 175,000000
460,000000 185,000000
460,000000 175,000000
560,000000 380,000000
580,000000 380,000000
580,000000 420,000000
560,000000 420,000000
400,000000 475,000000
400,000000 495,000000
400,000000 325,000000
400,000000 305,000000
475,000000 400,000000
495,000000 400,000000
325,000000 400,000000
305,000000 400,000000
362,500000 464,900000
372,500000 447,600000
437,500000 464,900000
427,500000 447,600000
362,500000 335,100000
372,500000 352,400000
437,500000 335,100000
427,500000 352,400000
464,900000 362,500000
447,600000 372,500000
335,100000 362,500000
352,400000 372,500000
335,100000 437,500000
352,400000 427,500000
464,900000 437,500000
447,600000 427,500000
400,000000 400,000000
410,000000 390,000000
390,000000 390,000000
400,000000 335,000000
410,000000 410,000000
465,000000 400,000000
66
0 1
0 2
1 3
3 7
7 5
5 4
4 6
6 2
8 9
8 10
9 11
11 15
15 13
13 12
12 14
14 10
16 0
16 2
17 4
17 6
18 1
18 3
19 5
19 7
16 18
17 19
20 21
22 23
24 25
26 27
22 26
20 24
28 29
29 31
31 30
32 33
33 35
35 34
36 37
37 39
39 38
40 41
41 43
43 42
44 45
45 46
46 47
48 49
50 51
52 53
54 55
56 57
58 59
60 61
62 63
64 65
66 67
68 69
70 71
72 73
72 74
73 75
74 75
73 77
72 76
76 77
